#include <iostream>
#include <windows.h>
using namespace std;

int main() {
	setlocale(0, "");
	const int fmap = 15;
	const int fmap1 = 15;

	const int smap = 20;
	const int smap1 = 20;

	const int tmap = 30;
	const int tmap1 = 30;

	int map1[fmap][fmap1] = { {1,1,1,1,1,1,1,1,0,1,1,1,1,1,1},
		{1,1,1,1,1,1,1,1,0,1,1,1,1,1,1},
		{1,1,1,1,1,1,1,1,0,0,1,1,1,1,1},
		{1,1,1,1,1,1,1,1,1,0,0,1,1,1,1},
		{1,1,1,1,1,1,1,1,1,1,0,1,1,1,1},
		{1,1,1,1,1,1,1,0,0,0,0,1,1,1,1},
		{1,1,1,1,1,1,1,0,1,1,1,1,1,1,1},
		{1,1,1,1,1,1,1,0,1,1,1,1,1,1,1},
		{1,1,1,0,0,0,1,0,0,1,1,1,1,1,1},
		{1,1,1,0,1,0,1,1,0,1,1,1,1,1,1},
		{1,1,1,0,1,0,0,0,0,1,1,1,1,1,1},
		{1,1,1,0,1,1,1,1,1,1,1,1,1,1,1},
		{1,1,1,0,0,0,1,1,1,1,1,1,1,1,1},
		{1,1,1,1,1,0,1,1,1,1,1,1,1,1,1},
		{1,1,1,1,1,0,1,1,1,1,1,1,1,1,1} };
	int map2[smap][smap1] = { {0,1,1,1,1,1,1,1,1,1,1,1,1,1,1,1,1,1,1,1},
		{0,1,1,1,1,1,1,1,1,1,1,1,1,1,1,1,1,1,1,1},
		{0,0,0,1,1,1,1,1,1,1,0,0,0,0,0,1,1,1,1,1},
		{1,1,0,1,1,1,1,1,1,1,0,1,1,1,0,1,1,1,1,1},
		{1,1,0,0,1,1,1,0,0,0,0,1,1,1,0,1,1,1,1,1},
		{1,1,1,0,1,1,1,0,1,1,1,1,1,1,0,1,1,1,1,1},
		{1,1,1,0,0,0,0,0,1,1,1,1,1,1,0,1,1,1,1,1},
		{1,1,1,1,1,1,1,1,1,1,1,1,1,1,0,1,1,1,1,1},
		{1,1,1,1,1,1,1,1,1,1,1,1,1,1,0,1,1,1,1,1},
		{1,1,1,1,1,1,1,1,1,1,1,1,1,1,0,1,1,1,1,1},
		{1,1,1,1,1,1,1,1,0,0,0,0,0,0,0,1,1,1,1,1},
		{1,1,1,1,1,1,1,1,0,1,1,1,1,1,1,1,1,1,1,1},
		{1,0,0,0,0,1,1,1,0,1,1,1,1,1,1,1,1,1,1,1},
		{1,0,1,1,0,1,1,1,0,1,1,1,1,1,1,1,1,1,1,1},
		{1,0,1,1,0,0,0,0,0,1,1,1,1,1,1,1,1,1,1,1},
		{1,0,1,1,1,1,1,1,1,1,1,1,1,1,1,1,1,1,1,1},
		{1,0,1,1,1,1,1,1,1,1,1,1,1,1,1,1,1,1,1,1},
		{1,0,0,0,0,0,1,1,1,1,1,1,1,1,1,1,1,1,1,1},
		{1,1,1,1,1,0,1,1,1,1,1,1,1,1,1,1,1,1,1,1},
		{1,1,1,1,1,0,1,1,1,1,1,1,1,1,1,1,1,1,1,1} };
	int map3[tmap][tmap1] = { {1,1,1,1,1,1,1,1,1,1,1,1,1,1,1,1,1,1,1,1,1,1,1,1,1,0,1,1,1,1},
		{1,1,1,1,1,1,1,1,1,1,1,1,1,1,1,1,1,1,1,1,1,1,1,1,1,0,1,1,1,1},
		{1,1,1,1,1,1,1,1,1,1,1,1,1,1,1,1,1,1,1,1,1,1,1,1,1,0,1,1,1,1},
		{1,1,1,1,1,1,1,1,1,1,1,1,1,1,1,1,1,1,1,1,1,1,1,1,1,0,1,1,1,1},
		{1,1,1,1,1,1,1,1,1,1,1,1,1,1,1,1,1,1,1,1,1,0,0,0,0,0,1,1,1,1},
		{1,1,1,1,1,1,1,1,1,1,1,1,1,1,1,1,1,1,1,1,1,0,1,1,1,1,1,1,1,1},
		{1,1,1,1,1,1,1,1,1,1,1,1,1,1,1,1,1,1,1,1,1,0,1,1,1,1,0,0,0,1},
		{1,1,1,1,1,1,1,1,1,1,1,1,1,1,1,1,1,1,1,1,1,0,1,1,1,1,0,1,0,1},
		{1,1,1,1,1,1,1,1,1,1,1,1,1,1,1,1,0,0,0,0,0,0,1,1,0,0,0,1,0,1},
		{1,1,1,1,1,1,1,1,1,1,1,1,1,1,1,1,0,1,1,1,1,1,1,1,0,1,1,1,0,1},
		{1,1,1,1,1,1,1,1,1,1,1,1,1,1,1,1,0,1,1,1,1,1,1,1,0,1,1,1,0,1},
		{1,1,1,1,1,1,1,1,1,1,1,1,1,1,1,1,0,1,1,1,1,1,1,1,0,1,1,0,0,1},
		{1,1,1,1,1,1,1,1,1,1,1,1,1,1,1,1,0,0,0,0,0,0,1,1,0,1,1,0,1,1},
		{1,1,1,1,1,1,1,1,1,1,1,1,1,1,1,1,1,1,1,1,1,0,1,1,0,1,1,0,0,1},
		{1,1,1,1,1,1,1,1,1,1,1,1,1,1,1,1,1,1,1,1,1,0,0,0,0,1,1,1,0,1},
		{1,1,1,1,1,1,1,1,1,1,0,0,0,0,0,1,1,1,1,1,1,1,1,1,1,1,1,1,0,1},
		{1,1,1,1,1,1,1,1,1,1,0,1,1,1,0,1,1,1,1,1,1,1,1,1,1,1,1,1,0,1},
		{1,1,1,0,0,0,0,1,1,1,0,1,1,1,0,0,0,0,0,0,1,1,1,0,0,0,0,0,0,1},
		{1,1,1,0,1,1,0,1,1,1,0,1,1,1,1,1,1,1,1,0,1,1,1,0,1,1,1,1,1,1},
		{1,1,1,0,1,1,0,0,0,0,0,1,1,1,1,1,1,1,1,0,1,1,1,0,1,1,1,1,1,1},
		{1,1,1,0,1,1,1,1,1,1,1,1,1,1,1,1,1,1,1,0,0,0,0,0,1,1,1,1,1,1},
		{1,1,1,0,1,1,1,1,1,1,1,1,1,1,1,1,1,1,1,1,1,1,1,1,1,1,1,1,1,1},
		{1,1,1,0,1,1,1,1,1,1,1,1,1,1,1,1,1,1,1,1,1,1,1,1,1,1,1,1,1,1},
		{1,1,1,0,1,1,1,1,1,1,1,1,1,1,1,1,1,1,1,1,1,1,1,1,1,1,1,1,1,1},
		{1,1,1,0,1,1,1,1,1,1,1,1,1,1,1,1,1,1,1,1,1,1,1,1,1,1,1,1,1,1},
		{1,1,1,0,0,0,0,0,0,0,1,1,1,1,1,1,1,1,1,1,1,1,1,1,1,1,1,1,1,1},
		{1,1,1,1,1,1,1,1,1,0,1,1,1,1,1,1,1,1,1,1,1,1,1,1,1,1,1,1,1,1},
		{1,1,1,1,1,1,1,1,1,0,0,0,0,1,1,1,1,1,1,1,1,1,1,1,1,1,1,1,1,1},
		{1,1,1,1,1,1,1,1,1,1,1,1,0,1,1,1,1,1,1,1,1,1,1,1,1,1,1,1,1,1},
		{1,1,1,1,1,1,1,1,1,1,1,1,0,1,1,1,1,1,1,1,1,1,1,1,1,1,1,1,1,1} };

	cout << "Программа 'Лабиринт'\n";
	cout << " [1] 15x15\n [2] 20x20\n [3] 30x30\n";
	cout << "Введите размер карты: ";
	int vod;
	cin >> vod;

	switch(vod) {
	case 1:
		for (int y = 0; y < fmap; y++) {
			for (int x = 0; x < fmap1; x++) {
				if (map1[y][x] == 1) {
					cout << "#";
				}
				else {
					cout << " ";
				}
			}
			cout << endl;
		}
		break;
	case 2:
		for (int y = 0; y < smap; y++) {
			for (int x = 0; x < smap1; x++) {
				if (map2[y][x] == 1) {
					cout << "#";
				}
				else {
					cout << " ";
				}
			}
			cout << endl;
		}
		break;
	case 3:
		for (int y = 0; y < tmap; y++) {
			for (int x = 0; x < tmap1; x++) {
				if (map3[y][x] == 1) {
					cout << "#";
				}
				else {
					cout << " ";
				}
			}
			cout << endl;
		}
		break;
	}

}
